  0.0000000e+000  1.9866933e-001
  6.2790520e-002  2.5981619e-001
  1.2533323e-001  3.1993768e-001
  1.8738131e-001  3.7879651e-001
  2.4868989e-001  4.3616042e-001
  3.0901699e-001  4.9180299e-001
  3.6812455e-001  5.4550464e-001
  4.2577929e-001  5.9705344e-001
  4.8175367e-001  6.4624594e-001
  5.3582679e-001  6.9288800e-001
  5.8778525e-001  7.3679555e-001
  6.3742399e-001  7.7779530e-001
  6.8454711e-001  8.1572545e-001
  7.2896863e-001  8.5043630e-001
  7.7051324e-001  8.8179087e-001
  8.0901699e-001  9.0966542e-001
  8.4432793e-001  9.3394993e-001
  8.7630668e-001  9.5454857e-001
  9.0482705e-001  9.7138004e-001
  9.2977649e-001  9.8437792e-001
  9.5105652e-001  9.9349090e-001
  9.6858316e-001  9.9868304e-001
  9.8228725e-001  9.9993382e-001
  9.9211470e-001  9.9723833e-001
  9.9802673e-001  9.9060719e-001
  1.0000000e+000  9.8006658e-001
  9.9802673e-001  9.6565809e-001
  9.9211470e-001  9.4743859e-001
  9.8228725e-001  9.2547998e-001
  9.6858316e-001  8.9986893e-001
  9.5105652e-001  8.7070651e-001
  9.2977649e-001  8.3810780e-001
  9.0482705e-001  8.0220147e-001
  8.7630668e-001  7.6312921e-001
  8.4432793e-001  7.2104523e-001
  8.0901699e-001  6.7611561e-001
  7.7051324e-001  6.2851768e-001
  7.2896863e-001  5.7843927e-001
  6.8454711e-001  5.2607803e-001
  6.3742399e-001  4.7164060e-001
  5.8778525e-001  4.1534182e-001
  5.3582679e-001  3.5740387e-001
  4.8175367e-001  2.9805541e-001
  4.2577929e-001  2.3753067e-001
  3.6812455e-001  1.7606850e-001
  3.0901699e-001  1.1391147e-001
  2.4868989e-001  5.1304878e-002
  1.8738131e-001 -1.1504187e-002
  1.2533323e-001 -7.4267850e-002
  6.2790520e-002 -1.3673841e-001
  1.2246468e-016 -1.9866933e-001
 -6.2790520e-002 -2.5981619e-001
 -1.2533323e-001 -3.1993768e-001
 -1.8738131e-001 -3.7879651e-001
 -2.4868989e-001 -4.3616042e-001
 -3.0901699e-001 -4.9180299e-001
 -3.6812455e-001 -5.4550464e-001
 -4.2577929e-001 -5.9705344e-001
 -4.8175367e-001 -6.4624594e-001
 -5.3582679e-001 -6.9288800e-001
 -5.8778525e-001 -7.3679555e-001
 -6.3742399e-001 -7.7779530e-001
 -6.8454711e-001 -8.1572545e-001
 -7.2896863e-001 -8.5043630e-001
 -7.7051324e-001 -8.8179087e-001
 -8.0901699e-001 -9.0966542e-001
 -8.4432793e-001 -9.3394993e-001
 -8.7630668e-001 -9.5454857e-001
 -9.0482705e-001 -9.7138004e-001
 -9.2977649e-001 -9.8437792e-001
 -9.5105652e-001 -9.9349090e-001
 -9.6858316e-001 -9.9868304e-001
 -9.8228725e-001 -9.9993382e-001
 -9.9211470e-001 -9.9723833e-001
 -9.9802673e-001 -9.9060719e-001
 -1.0000000e+000 -9.8006658e-001
 -9.9802673e-001 -9.6565809e-001
 -9.9211470e-001 -9.4743859e-001
 -9.8228725e-001 -9.2547998e-001
 -9.6858316e-001 -8.9986893e-001
 -9.5105652e-001 -8.7070651e-001
 -9.2977649e-001 -8.3810780e-001
 -9.0482705e-001 -8.0220147e-001
 -8.7630668e-001 -7.6312921e-001
 -8.4432793e-001 -7.2104523e-001
 -8.0901699e-001 -6.7611561e-001
 -7.7051324e-001 -6.2851768e-001
 -7.2896863e-001 -5.7843927e-001
 -6.8454711e-001 -5.2607803e-001
 -6.3742399e-001 -4.7164060e-001
 -5.8778525e-001 -4.1534182e-001
 -5.3582679e-001 -3.5740387e-001
 -4.8175367e-001 -2.9805541e-001
 -4.2577929e-001 -2.3753067e-001
 -3.6812455e-001 -1.7606850e-001
 -3.0901699e-001 -1.1391147e-001
 -2.4868989e-001 -5.1304878e-002
 -1.8738131e-001  1.1504187e-002
 -1.2533323e-001  7.4267850e-002
 -6.2790520e-002  1.3673841e-001
 -2.4492936e-016  1.9866933e-001
