  0.0000000e+000  1.4083842e+000
  6.2790520e-002  1.5052906e+000
  1.2533323e-001  1.5919874e+000
  1.8738131e-001  1.6678269e+000
  2.4868989e-001  1.7324353e+000
  3.0901699e-001  1.7857427e+000
  3.6812455e-001  1.8279937e+000
  4.2577929e-001  1.8597357e+000
  4.8175367e-001  1.8817859e+000
  5.3582679e-001  1.8951783e+000
  5.8778525e-001  1.9010934e+000
  6.3742399e-001  1.9007774e+000
  6.8454711e-001  1.8954562e+000
  7.2896863e-001  1.8862506e+000
  7.7051324e-001  1.8741006e+000
  8.0901699e-001  1.8597031e+000
  8.4432793e-001  1.8434701e+000
  8.7630668e-001  1.8255086e+000
  9.0482705e-001  1.8056242e+000
  9.2977649e-001  1.7833479e+000
  9.5105652e-001  1.7579836e+000
  9.6858316e-001  1.7286714e+000
  9.8228725e-001  1.6944606e+000
  9.9211470e-001  1.6543882e+000
  9.9802673e-001  1.6075543e+000
  1.0000000e+000  1.5531883e+000
  9.9802673e-001  1.4907035e+000
  9.9211470e-001  1.4197329e+000
  9.8228725e-001  1.3401467e+000
  9.6858316e-001  1.2520509e+000
  9.5105652e-001  1.1557681e+000
  9.2977649e-001  1.0518044e+000
  9.0482705e-001  9.4080681e-001
  8.7630668e-001  8.2351598e-001
  8.4432793e-001  7.0071975e-001
  8.0901699e-001  5.7321268e-001
  7.7051324e-001  4.4176525e-001
  7.2896863e-001  3.0710554e-001
  6.8454711e-001  1.6991477e-001
  6.3742399e-001  3.0835921e-002
  5.8778525e-001 -1.0950642e-001
  5.3582679e-001 -2.5047849e-001
  4.8175367e-001 -3.9140643e-001
  4.2577929e-001 -5.3154683e-001
  3.6812455e-001 -6.7006360e-001
  3.0901699e-001 -8.0601529e-001
  2.4868989e-001 -9.3835619e-001
  1.8738131e-001 -1.0659527e+000
  1.2533323e-001 -1.1876152e+000
  6.2790520e-002 -1.3021437e+000
  1.2246468e-016 -1.4083842e+000
 -6.2790520e-002 -1.5052906e+000
 -1.2533323e-001 -1.5919874e+000
 -1.8738131e-001 -1.6678269e+000
 -2.4868989e-001 -1.7324353e+000
 -3.0901699e-001 -1.7857427e+000
 -3.6812455e-001 -1.8279937e+000
 -4.2577929e-001 -1.8597357e+000
 -4.8175367e-001 -1.8817859e+000
 -5.3582679e-001 -1.8951783e+000
 -5.8778525e-001 -1.9010934e+000
 -6.3742399e-001 -1.9007774e+000
 -6.8454711e-001 -1.8954562e+000
 -7.2896863e-001 -1.8862506e+000
 -7.7051324e-001 -1.8741006e+000
 -8.0901699e-001 -1.8597031e+000
 -8.4432793e-001 -1.8434701e+000
 -8.7630668e-001 -1.8255086e+000
 -9.0482705e-001 -1.8056242e+000
 -9.2977649e-001 -1.7833479e+000
 -9.5105652e-001 -1.7579836e+000
 -9.6858316e-001 -1.7286714e+000
 -9.8228725e-001 -1.6944606e+000
 -9.9211470e-001 -1.6543882e+000
 -9.9802673e-001 -1.6075543e+000
 -1.0000000e+000 -1.5531883e+000
 -9.9802673e-001 -1.4907035e+000
 -9.9211470e-001 -1.4197329e+000
 -9.8228725e-001 -1.3401467e+000
 -9.6858316e-001 -1.2520509e+000
 -9.5105652e-001 -1.1557681e+000
 -9.2977649e-001 -1.0518044e+000
 -9.0482705e-001 -9.4080681e-001
 -8.7630668e-001 -8.2351598e-001
 -8.4432793e-001 -7.0071975e-001
 -8.0901699e-001 -5.7321268e-001
 -7.7051324e-001 -4.4176525e-001
 -7.2896863e-001 -3.0710554e-001
 -6.8454711e-001 -1.6991477e-001
 -6.3742399e-001 -3.0835921e-002
 -5.8778525e-001  1.0950642e-001
 -5.3582679e-001  2.5047849e-001
 -4.8175367e-001  3.9140643e-001
 -4.2577929e-001  5.3154683e-001
 -3.6812455e-001  6.7006360e-001
 -3.0901699e-001  8.0601529e-001
 -2.4868989e-001  9.3835619e-001
 -1.8738131e-001  1.0659527e+000
 -1.2533323e-001  1.1876152e+000
 -6.2790520e-002  1.3021437e+000
 -2.4492936e-016  1.4083842e+000
